# ALMA, Llano de Chajnantor, alt. 5040m																		
# First column frequency in GHz.																		
# Following column(s) transmissions(s)																		
# First row PWVs																		
	        0.01000	0.25000	0.50000	0.75000	1.00000	1.25000	1.50000	1.75000	2.00000	2.25000	2.50000	2.75000	3.00000	4.00000	5.00000	6.00000	7.00000	8.00000
92.000	0.98843	0.98701	0.98554	0.98407	0.98260	0.98113	0.97967	0.97821	0.97675	0.97529	0.97383	0.97237	0.97092	0.96513	0.95937	0.95365	0.94795	0.94229
92.100	0.98846	0.98704	0.98556	0.98409	0.98261	0.98115	0.97968	0.97821	0.97675	0.97529	0.97383	0.97237	0.97091	0.96511	0.95934	0.95360	0.94789	0.94221
92.200	0.98848	0.98706	0.98558	0.98411	0.98263	0.98116	0.97969	0.97822	0.97675	0.97528	0.97382	0.97236	0.97090	0.96509	0.95930	0.95355	0.94783	0.94214
92.300	0.98851	0.98709	0.98560	0.98412	0.98264	0.98117	0.97969	0.97822	0.97675	0.97528	0.97382	0.97235	0.97089	0.96506	0.95926	0.95350	0.94777	0.94207
92.400	0.98854	0.98711	0.98562	0.98414	0.98266	0.98118	0.97970	0.97822	0.97675	0.97528	0.97381	0.97234	0.97088	0.96504	0.95923	0.95345	0.94770	0.94199
92.500	0.98856	0.98713	0.98564	0.98415	0.98267	0.98119	0.97971	0.97823	0.97675	0.97527	0.97380	0.97233	0.97086	0.96501	0.95919	0.95340	0.94764	0.94191
92.600	0.98859	0.98715	0.98566	0.98417	0.98268	0.98119	0.97971	0.97823	0.97675	0.97527	0.97379	0.97232	0.97085	0.96498	0.95915	0.95334	0.94757	0.94184
92.700	0.98861	0.98717	0.98567	0.98418	0.98269	0.98120	0.97971	0.97822	0.97674	0.97526	0.97378	0.97230	0.97083	0.96495	0.95910	0.95329	0.94750	0.94175
92.800	0.98862	0.98718	0.98568	0.98419	0.98269	0.98120	0.97971	0.97822	0.97673	0.97525	0.97377	0.97228	0.97081	0.96491	0.95905	0.95323	0.94743	0.94167
92.900	0.98864	0.98719	0.98569	0.98419	0.98269	0.98120	0.97970	0.97821	0.97672	0.97523	0.97375	0.97226	0.97078	0.96487	0.95900	0.95316	0.94736	0.94158
93.000	0.98865	0.98720	0.98569	0.98419	0.98269	0.98119	0.97969	0.97820	0.97670	0.97521	0.97372	0.97224	0.97075	0.96483	0.95895	0.95310	0.94728	0.94149
93.100	0.98865	0.98720	0.98569	0.98418	0.98268	0.98118	0.97967	0.97817	0.97668	0.97518	0.97369	0.97220	0.97071	0.96478	0.95889	0.95302	0.94719	0.94139
93.200	0.98864	0.98719	0.98567	0.98417	0.98266	0.98115	0.97965	0.97815	0.97664	0.97515	0.97365	0.97216	0.97067	0.96472	0.95881	0.95294	0.94709	0.94128
93.300	0.98862	0.98716	0.98565	0.98413	0.98262	0.98111	0.97961	0.97810	0.97660	0.97510	0.97360	0.97210	0.97061	0.96465	0.95873	0.95284	0.94698	0.94116
93.400	0.98857	0.98711	0.98559	0.98408	0.98256	0.98105	0.97954	0.97803	0.97653	0.97502	0.97352	0.97202	0.97052	0.96455	0.95862	0.95272	0.94685	0.94102
93.500	0.98849	0.98703	0.98550	0.98398	0.98247	0.98095	0.97944	0.97792	0.97641	0.97491	0.97340	0.97190	0.97040	0.96442	0.95847	0.95256	0.94668	0.94083
93.600	0.98831	0.98684	0.98532	0.98379	0.98227	0.98075	0.97924	0.97772	0.97621	0.97470	0.97319	0.97169	0.97018	0.96419	0.95823	0.95231	0.94642	0.94056
93.700	0.98789	0.98642	0.98489	0.98336	0.98184	0.98032	0.97880	0.97728	0.97577	0.97426	0.97275	0.97124	0.96973	0.96373	0.95776	0.95182	0.94592	0.94006
93.800	0.98648	0.98501	0.98348	0.98196	0.98043	0.97891	0.97739	0.97587	0.97435	0.97284	0.97133	0.96982	0.96831	0.96231	0.95633	0.95039	0.94449	0.93862
93.900	0.98558	0.98411	0.98258	0.98105	0.97952	0.97800	0.97648	0.97496	0.97344	0.97192	0.97041	0.96890	0.96739	0.96137	0.95539	0.94945	0.94354	0.93766
94.000	0.98721	0.98574	0.98420	0.98267	0.98113	0.97960	0.97807	0.97655	0.97502	0.97350	0.97198	0.97047	0.96895	0.96291	0.95691	0.95094	0.94501	0.93911
94.100	0.98805	0.98657	0.98503	0.98349	0.98195	0.98042	0.97889	0.97736	0.97583	0.97430	0.97278	0.97126	0.96974	0.96368	0.95766	0.95167	0.94572	0.93980
94.200	0.98844	0.98696	0.98541	0.98387	0.98233	0.98079	0.97925	0.97772	0.97619	0.97465	0.97313	0.97160	0.97008	0.96401	0.95797	0.95197	0.94600	0.94007
94.300	0.98864	0.98715	0.98560	0.98405	0.98251	0.98097	0.97943	0.97789	0.97635	0.97482	0.97329	0.97176	0.97023	0.96415	0.95810	0.95208	0.94610	0.94015
94.400	0.98875	0.98726	0.98571	0.98416	0.98261	0.98106	0.97952	0.97798	0.97644	0.97490	0.97336	0.97183	0.97030	0.96420	0.95814	0.95211	0.94612	0.94016
94.500	0.98882	0.98733	0.98577	0.98422	0.98266	0.98111	0.97957	0.97802	0.97648	0.97494	0.97340	0.97186	0.97033	0.96422	0.95814	0.95210	0.94609	0.94012
94.600	0.98888	0.98738	0.98582	0.98426	0.98270	0.98115	0.97960	0.97805	0.97650	0.97496	0.97342	0.97188	0.97034	0.96422	0.95813	0.95207	0.94605	0.94007
94.700	0.98891	0.98741	0.98584	0.98428	0.98272	0.98117	0.97961	0.97806	0.97651	0.97496	0.97342	0.97188	0.97034	0.96420	0.95809	0.95202	0.94599	0.93999
94.800	0.98894	0.98743	0.98586	0.98430	0.98274	0.98118	0.97962	0.97807	0.97651	0.97496	0.97341	0.97187	0.97032	0.96417	0.95805	0.95197	0.94593	0.93992
94.900	0.98896	0.98745	0.98588	0.98431	0.98275	0.98119	0.97962	0.97807	0.97651	0.97495	0.97340	0.97185	0.97031	0.96414	0.95801	0.95192	0.94586	0.93983
95.000	0.98897	0.98746	0.98589	0.98432	0.98275	0.98118	0.97962	0.97806	0.97650	0.97494	0.97338	0.97183	0.97028	0.96410	0.95796	0.95185	0.94578	0.93974
95.100	0.98898	0.98747	0.98589	0.98431	0.98274	0.98117	0.97960	0.97804	0.97647	0.97491	0.97335	0.97180	0.97024	0.96405	0.95789	0.95177	0.94569	0.93964
95.200	0.98898	0.98746	0.98588	0.98430	0.98273	0.98115	0.97958	0.97801	0.97645	0.97488	0.97332	0.97176	0.97020	0.96399	0.95783	0.95169	0.94560	0.93953
95.300	0.98897	0.98745	0.98586	0.98428	0.98270	0.98112	0.97955	0.97798	0.97641	0.97484	0.97327	0.97171	0.97015	0.96393	0.95775	0.95160	0.94549	0.93942
95.400	0.98894	0.98742	0.98583	0.98425	0.98266	0.98108	0.97950	0.97793	0.97635	0.97478	0.97321	0.97165	0.97008	0.96385	0.95765	0.95149	0.94537	0.93929
95.500	0.98890	0.98737	0.98578	0.98419	0.98260	0.98102	0.97944	0.97786	0.97628	0.97471	0.97314	0.97157	0.97000	0.96375	0.95754	0.95137	0.94524	0.93914
95.600	0.98881	0.98728	0.98568	0.98409	0.98250	0.98092	0.97933	0.97775	0.97617	0.97459	0.97302	0.97144	0.96987	0.96361	0.95739	0.95121	0.94506	0.93894
95.700	0.98862	0.98708	0.98548	0.98389	0.98229	0.98070	0.97912	0.97753	0.97595	0.97437	0.97279	0.97121	0.96964	0.96337	0.95713	0.95093	0.94477	0.93865
95.800	0.98774	0.98621	0.98461	0.98301	0.98141	0.97982	0.97823	0.97664	0.97506	0.97347	0.97189	0.97032	0.96874	0.96246	0.95622	0.95001	0.94384	0.93771
95.900	0.98833	0.98679	0.98518	0.98358	0.98198	0.98038	0.97879	0.97720	0.97561	0.97402	0.97243	0.97085	0.96927	0.96297	0.95671	0.95049	0.94431	0.93816
96.000	0.98810	0.98655	0.98494	0.98334	0.98173	0.98014	0.97854	0.97694	0.97535	0.97376	0.97217	0.97058	0.96900	0.96269	0.95642	0.95018	0.94399	0.93783
96.100	0.98716	0.98561	0.98400	0.98240	0.98079	0.97919	0.97759	0.97599	0.97440	0.97280	0.97121	0.96962	0.96804	0.96172	0.95544	0.94920	0.94299	0.93683
96.200	0.98307	0.98153	0.97992	0.97832	0.97672	0.97512	0.97352	0.97193	0.97033	0.96874	0.96715	0.96557	0.96399	0.95768	0.95141	0.94518	0.93899	0.93284
96.300	0.98577	0.98421	0.98260	0.98099	0.97938	0.97777	0.97616	0.97456	0.97296	0.97136	0.96977	0.96818	0.96659	0.96025	0.95395	0.94769	0.94147	0.93528
96.400	0.98773	0.98617	0.98455	0.98293	0.98132	0.97970	0.97809	0.97648	0.97487	0.97327	0.97167	0.97007	0.96847	0.96211	0.95578	0.94949	0.94325	0.93704
96.500	0.98838	0.98681	0.98519	0.98356	0.98194	0.98032	0.97870	0.97709	0.97548	0.97387	0.97226	0.97066	0.96906	0.96268	0.95633	0.95003	0.94376	0.93754
96.600	0.98867	0.98710	0.98547	0.98384	0.98222	0.98059	0.97897	0.97736	0.97574	0.97413	0.97252	0.97091	0.96930	0.96291	0.95655	0.95023	0.94395	0.93771
96.700	0.98883	0.98725	0.98562	0.98399	0.98236	0.98073	0.97911	0.97749	0.97587	0.97425	0.97264	0.97103	0.96942	0.96300	0.95663	0.95030	0.94400	0.93775
96.800	0.98892	0.98734	0.98570	0.98407	0.98244	0.98081	0.97918	0.97755	0.97593	0.97431	0.97269	0.97108	0.96946	0.96304	0.95665	0.95030	0.94400	0.93773
96.900	0.98897	0.98739	0.98575	0.98411	0.98248	0.98084	0.97921	0.97758	0.97596	0.97433	0.97271	0.97109	0.96948	0.96304	0.95664	0.95028	0.94396	0.93767
97.000	0.98902	0.98744	0.98579	0.98415	0.98251	0.98087	0.97924	0.97761	0.97598	0.97435	0.97273	0.97110	0.96949	0.96303	0.95662	0.95025	0.94391	0.93762
97.100	0.98905	0.98746	0.98581	0.98417	0.98253	0.98089	0.97925	0.97761	0.97598	0.97435	0.97272	0.97110	0.96947	0.96301	0.95658	0.95020	0.94385	0.93755
97.200	0.98906	0.98748	0.98583	0.98418	0.98253	0.98089	0.97925	0.97761	0.97597	0.97434	0.97271	0.97108	0.96945	0.96298	0.95654	0.95014	0.94378	0.93746
97.300	0.98908	0.98748	0.98583	0.98418	0.98253	0.98088	0.97924	0.97760	0.97596	0.97432	0.97269	0.97105	0.96943	0.96293	0.95648	0.95007	0.94370	0.93737
97.400	0.98908	0.98749	0.98583	0.98418	0.98252	0.98087	0.97922	0.97758	0.97594	0.97430	0.97266	0.97102	0.96939	0.96289	0.95643	0.95000	0.94362	0.93728
97.500	0.98908	0.98749	0.98583	0.98417	0.98251	0.98086	0.97921	0.97756	0.97591	0.97427	0.97263	0.97099	0.96936	0.96284	0.95636	0.94993	0.94353	0.93718
97.600	0.98908	0.98748	0.98582	0.98415	0.98250	0.98084	0.97918	0.97753	0.97588	0.97424	0.97259	0.97095	0.96931	0.96279	0.95630	0.94985	0.94344	0.93708
97.700	0.98908	0.98747	0.98580	0.98414	0.98248	0.98082	0.97916	0.97751	0.97585	0.97420	0.97256	0.97091	0.96927	0.96273	0.95623	0.94977	0.94335	0.93697
97.800	0.98907	0.98746	0.98579	0.98413	0.98246	0.98080	0.97913	0.97748	0.97582	0.97417	0.97252	0.97087	0.96923	0.96267	0.95616	0.94969	0.94326	0.93686
97.900	0.98906	0.98745	0.98578	0.98410	0.98244	0.98077	0.97911	0.97745	0.97579	0.97413	0.97248	0.97083	0.96918	0.96261	0.95608	0.94960	0.94316	0.93675
98.000	0.98905	0.98743	0.98576	0.98408	0.98241	0.98074	0.97907	0.97741	0.97574	0.97408	0.97243	0.97077	0.96912	0.96254	0.95601	0.94951	0.94305	0.93664
98.100	0.98903	0.98742	0.98574	0.98406	0.98238	0.98071	0.97904	0.97737	0.97571	0.97404	0.97238	0.97073	0.96907	0.96248	0.95593	0.94942	0.94295	0.93652
98.200	0.98902	0.98740	0.98571	0.98403	0.98235	0.98068	0.97900	0.97733	0.97566	0.97400	0.97234	0.97067	0.96902	0.96241	0.95585	0.94933	0.94284	0.93641
98.300	0.98900	0.98738	0.98569	0.98401	0.98233	0.98065	0.97897	0.97729	0.97562	0.97395	0.97229	0.97062	0.96896	0.96234	0.95577	0.94923	0.94274	0.93629
98.400	0.98899	0.98736	0.98567	0.98398	0.98229	0.98061	0.97893	0.97725	0.97558	0.97390	0.97223	0.97057	0.96890	0.96227	0.95568	0.94913	0.94263	0.93616
98.500	0.98896	0.98734	0.98564	0.98395	0.98226	0.98057	0.97889	0.97721	0.97553	0.97385	0.97218	0.97051	0.96884	0.96220	0.95559	0.94903	0.94252	0.93604
98.600	0.98894	0.98730	0.98561	0.98391	0.98222	0.98053	0.97884	0.97716	0.97548	0.97380	0.97212	0.97045	0.96877	0.96212	0.95550	0.94893	0.94240	0.93591
98.700	0.98891	0.98728	0.98558	0.98388	0.98218	0.98049	0.97880	0.97711	0.97543	0.97374	0.97206	0.97039	0.96871	0.96204	0.95541	0.94883	0.94228	0.93578
98.800	0.98889	0.98725	0.98555	0.98384	0.98215	0.98045	0.97875	0.97706	0.97537	0.97369	0.97201	0.97032	0.96865	0.96196	0.95532	0.94872	0.94217	0.93565
98.900	0.98886	0.98722	0.98551	0.98380	0.98210	0.98040	0.97870	0.97701	0.97532	0.97363	0.97194	0.97026	0.96858	0.96188	0.95522	0.94861	0.94204	0.93551
99.000	0.98882	0.98718	0.98546	0.98375	0.98205	0.98035	0.97864	0.97695	0.97525	0.97356	0.97187	0.97018	0.96850	0.96179	0.95512	0.94849	0.94191	0.93537
99.100	0.98876	0.98712	0.98540	0.98369	0.98198	0.98027	0.97857	0.97686	0.97517	0.97347	0.97178	0.97009	0.96840	0.96167	0.95499	0.94836	0.94176	0.93521
99.200	0.98862	0.98697	0.98525	0.98353	0.98182	0.98011	0.97840	0.97670	0.97499	0.97329	0.97160	0.96990	0.96821	0.96148	0.95478	0.94813	0.94153	0.93496
99.300	0.98860	0.98694	0.98522	0.98350	0.98178	0.98007	0.97836	0.97665	0.97495	0.97324	0.97154	0.96985	0.96815	0.96140	0.95470	0.94803	0.94141	0.93484
99.400	0.98866	0.98700	0.98527	0.98355	0.98183	0.98011	0.97840	0.97669	0.97498	0.97327	0.97157	0.96987	0.96817	0.96141	0.95469	0.94801	0.94138	0.93479
99.500	0.98864	0.98698	0.98525	0.98352	0.98180	0.98008	0.97836	0.97665	0.97493	0.97322	0.97152	0.96981	0.96811	0.96134	0.95460	0.94791	0.94127	0.93466
99.600	0.98861	0.98694	0.98521	0.98348	0.98175	0.98002	0.97830	0.97658	0.97487	0.97316	0.97145	0.96974	0.96803	0.96124	0.95450	0.94779	0.94114	0.93452
99.700	0.98855	0.98688	0.98514	0.98341	0.98168	0.97995	0.97823	0.97651	0.97479	0.97307	0.97136	0.96965	0.96794	0.96114	0.95438	0.94766	0.94099	0.93436
99.800	0.98850	0.98683	0.98509	0.98335	0.98162	0.97988	0.97816	0.97643	0.97471	0.97299	0.97127	0.96956	0.96785	0.96103	0.95426	0.94753	0.94084	0.93420
99.900	0.98845	0.98677	0.98503	0.98329	0.98155	0.97982	0.97808	0.97636	0.97463	0.97291	0.97119	0.96947	0.96776	0.96092	0.95414	0.94740	0.94070	0.93405
100.000	0.98839	0.98671	0.98496	0.98321	0.98147	0.97974	0.97800	0.97627	0.97454	0.97281	0.97109	0.96936	0.96765	0.96080	0.95400	0.94724	0.94053	0.93387
100.100	0.98830	0.98662	0.98487	0.98312	0.98138	0.97964	0.97790	0.97616	0.97443	0.97270	0.97097	0.96925	0.96753	0.96067	0.95385	0.94709	0.94036	0.93368
100.200	0.98821	0.98652	0.98477	0.98302	0.98127	0.97953	0.97778	0.97604	0.97431	0.97257	0.97084	0.96912	0.96739	0.96052	0.95369	0.94691	0.94017	0.93348
100.300	0.98810	0.98641	0.98465	0.98290	0.98115	0.97940	0.97765	0.97591	0.97417	0.97243	0.97070	0.96896	0.96724	0.96035	0.95351	0.94672	0.93997	0.93327
100.400	0.98796	0.98627	0.98450	0.98275	0.98099	0.97924	0.97749	0.97575	0.97400	0.97226	0.97052	0.96879	0.96706	0.96016	0.95331	0.94650	0.93974	0.93303
100.500	0.98950	0.98780	0.98604	0.98427	0.98251	0.98075	0.97900	0.97725	0.97550	0.97375	0.97201	0.97027	0.96853	0.96161	0.95474	0.94791	0.94113	0.93439
100.600	0.98926	0.98756	0.98579	0.98403	0.98226	0.98050	0.97874	0.97699	0.97523	0.97349	0.97174	0.97000	0.96826	0.96132	0.95444	0.94760	0.94080	0.93405
100.700	0.98902	0.98732	0.98554	0.98378	0.98201	0.98024	0.97848	0.97672	0.97497	0.97322	0.97147	0.96972	0.96798	0.96103	0.95414	0.94728	0.94048	0.93371
100.800	0.98936	0.98765	0.98587	0.98410	0.98233	0.98056	0.97879	0.97703	0.97527	0.97352	0.97176	0.97001	0.96826	0.96130	0.95439	0.94752	0.94070	0.93392
100.900	0.98936	0.98764	0.98586	0.98409	0.98231	0.98054	0.97877	0.97700	0.97524	0.97348	0.97172	0.96997	0.96822	0.96124	0.95432	0.94744	0.94060	0.93381
101.000	0.98928	0.98757	0.98578	0.98400	0.98222	0.98045	0.97868	0.97691	0.97514	0.97338	0.97162	0.96986	0.96810	0.96112	0.95417	0.94728	0.94043	0.93363
101.100	0.98916	0.98744	0.98565	0.98387	0.98209	0.98031	0.97853	0.97676	0.97499	0.97322	0.97146	0.96970	0.96794	0.96094	0.95398	0.94708	0.94022	0.93340
101.200	0.98898	0.98726	0.98546	0.98368	0.98189	0.98011	0.97833	0.97655	0.97478	0.97301	0.97124	0.96948	0.96772	0.96071	0.95374	0.94682	0.93995	0.93312
101.300	0.98871	0.98698	0.98519	0.98340	0.98161	0.97983	0.97804	0.97626	0.97449	0.97272	0.97095	0.96918	0.96741	0.96039	0.95341	0.94648	0.93959	0.93275
101.400	0.98828	0.98655	0.98475	0.98296	0.98117	0.97938	0.97759	0.97581	0.97403	0.97226	0.97048	0.96872	0.96695	0.95991	0.95292	0.94598	0.93908	0.93224
101.500	0.98749	0.98576	0.98396	0.98216	0.98037	0.97858	0.97679	0.97501	0.97323	0.97145	0.96968	0.96790	0.96613	0.95909	0.95209	0.94514	0.93824	0.93138
101.600	0.98570	0.98397	0.98217	0.98038	0.97858	0.97679	0.97501	0.97322	0.97144	0.96966	0.96789	0.96611	0.96434	0.95730	0.95030	0.94335	0.93644	0.92959
101.700	0.97899	0.97727	0.97548	0.97369	0.97190	0.97012	0.96834	0.96657	0.96479	0.96302	0.96126	0.95949	0.95773	0.95072	0.94375	0.93684	0.92997	0.92314
101.800	0.98137	0.97965	0.97785	0.97605	0.97426	0.97247	0.97068	0.96890	0.96711	0.96534	0.96356	0.96179	0.96002	0.95298	0.94598	0.93903	0.93213	0.92528
101.900	0.98572	0.98398	0.98217	0.98036	0.97856	0.97675	0.97496	0.97316	0.97137	0.96958	0.96779	0.96601	0.96423	0.95714	0.95010	0.94311	0.93616	0.92927
102.000	0.98749	0.98574	0.98392	0.98211	0.98030	0.97849	0.97668	0.97488	0.97308	0.97129	0.96949	0.96770	0.96592	0.95880	0.95173	0.94472	0.93774	0.93082
102.100	0.98796	0.98621	0.98439	0.98257	0.98075	0.97894	0.97713	0.97532	0.97352	0.97172	0.96992	0.96813	0.96634	0.95920	0.95212	0.94508	0.93810	0.93116
102.200	0.98818	0.98642	0.98460	0.98277	0.98095	0.97914	0.97732	0.97551	0.97370	0.97190	0.97010	0.96830	0.96650	0.95936	0.95226	0.94520	0.93820	0.93125
102.300	0.98827	0.98651	0.98469	0.98286	0.98103	0.97921	0.97739	0.97558	0.97377	0.97196	0.97016	0.96835	0.96656	0.95939	0.95228	0.94521	0.93819	0.93123
102.400	0.98830	0.98654	0.98471	0.98288	0.98105	0.97922	0.97740	0.97558	0.97377	0.97196	0.97015	0.96834	0.96654	0.95936	0.95223	0.94515	0.93812	0.93114
102.500	0.98829	0.98652	0.98469	0.98285	0.98102	0.97919	0.97737	0.97555	0.97373	0.97191	0.97010	0.96829	0.96648	0.95929	0.95215	0.94506	0.93801	0.93102
102.600	0.98825	0.98648	0.98464	0.98280	0.98097	0.97914	0.97731	0.97548	0.97366	0.97184	0.97003	0.96821	0.96640	0.95920	0.95204	0.94493	0.93788	0.93087
102.700	0.98820	0.98642	0.98458	0.98274	0.98090	0.97906	0.97723	0.97540	0.97358	0.97175	0.96993	0.96812	0.96631	0.95908	0.95191	0.94479	0.93772	0.93070
102.800	0.98813	0.98635	0.98450	0.98266	0.98082	0.97898	0.97714	0.97531	0.97348	0.97165	0.96983	0.96801	0.96619	0.95896	0.95178	0.94464	0.93756	0.93052
102.900	0.98805	0.98627	0.98442	0.98257	0.98072	0.97888	0.97704	0.97520	0.97337	0.97154	0.96971	0.96789	0.96607	0.95882	0.95163	0.94448	0.93738	0.93034
103.000	0.98796	0.98617	0.98432	0.98247	0.98062	0.97877	0.97693	0.97509	0.97325	0.97142	0.96959	0.96776	0.96594	0.95868	0.95147	0.94431	0.93720	0.93014
103.100	0.98786	0.98607	0.98421	0.98235	0.98050	0.97865	0.97681	0.97496	0.97312	0.97129	0.96945	0.96762	0.96580	0.95852	0.95130	0.94412	0.93700	0.92993
103.200	0.98775	0.98595	0.98409	0.98223	0.98038	0.97852	0.97667	0.97483	0.97298	0.97114	0.96931	0.96747	0.96564	0.95836	0.95112	0.94393	0.93679	0.92971
103.300	0.98762	0.98582	0.98396	0.98209	0.98023	0.97838	0.97652	0.97467	0.97283	0.97098	0.96914	0.96731	0.96547	0.95817	0.95092	0.94372	0.93657	0.92948
103.400	0.98746	0.98566	0.98379	0.98192	0.98006	0.97820	0.97634	0.97449	0.97264	0.97079	0.96895	0.96711	0.96527	0.95796	0.95069	0.94348	0.93632	0.92921
103.500	0.98729	0.98549	0.98361	0.98174	0.97988	0.97801	0.97615	0.97430	0.97244	0.97059	0.96874	0.96690	0.96506	0.95773	0.95046	0.94323	0.93606	0.92893
103.600	0.98705	0.98524	0.98337	0.98149	0.97962	0.97776	0.97589	0.97403	0.97218	0.97032	0.96847	0.96663	0.96478	0.95744	0.95015	0.94292	0.93573	0.92860
103.700	0.98663	0.98482	0.98294	0.98107	0.97919	0.97732	0.97546	0.97360	0.97174	0.96988	0.96803	0.96618	0.96433	0.95698	0.94968	0.94243	0.93523	0.92809
103.800	0.98558	0.98377	0.98189	0.98001	0.97813	0.97626	0.97439	0.97253	0.97067	0.96881	0.96696	0.96510	0.96326	0.95590	0.94859	0.94134	0.93413	0.92698
103.900	0.98346	0.98165	0.97977	0.97789	0.97602	0.97415	0.97228	0.97042	0.96855	0.96670	0.96484	0.96299	0.96114	0.95379	0.94648	0.93923	0.93203	0.92488
104.000	0.98619	0.98437	0.98248	0.98059	0.97871	0.97683	0.97496	0.97308	0.97121	0.96935	0.96748	0.96562	0.96377	0.95637	0.94903	0.94175	0.93451	0.92733
104.100	0.98646	0.98463	0.98274	0.98085	0.97896	0.97708	0.97519	0.97332	0.97144	0.96957	0.96771	0.96584	0.96398	0.95657	0.94922	0.94191	0.93466	0.92747
104.200	0.98650	0.98468	0.98278	0.98089	0.97899	0.97711	0.97522	0.97334	0.97146	0.96959	0.96772	0.96585	0.96399	0.95656	0.94919	0.94187	0.93461	0.92740
104.300	0.98646	0.98463	0.98273	0.98083	0.97894	0.97705	0.97516	0.97327	0.97139	0.96951	0.96764	0.96577	0.96390	0.95646	0.94908	0.94175	0.93447	0.92724
104.400	0.98638	0.98455	0.98265	0.98074	0.97885	0.97695	0.97506	0.97317	0.97128	0.96940	0.96752	0.96565	0.96378	0.95633	0.94893	0.94158	0.93429	0.92705
104.500	0.98629	0.98445	0.98254	0.98064	0.97874	0.97684	0.97494	0.97305	0.97116	0.96927	0.96739	0.96552	0.96364	0.95617	0.94876	0.94140	0.93410	0.92685
104.600	0.98618	0.98434	0.98243	0.98052	0.97861	0.97671	0.97481	0.97291	0.97102	0.96913	0.96725	0.96537	0.96349	0.95601	0.94858	0.94121	0.93389	0.92663
104.700	0.98606	0.98422	0.98230	0.98039	0.97848	0.97657	0.97467	0.97277	0.97087	0.96898	0.96709	0.96521	0.96333	0.95583	0.94839	0.94101	0.93368	0.92640
104.800	0.98593	0.98408	0.98216	0.98025	0.97833	0.97642	0.97452	0.97262	0.97072	0.96882	0.96693	0.96504	0.96315	0.95565	0.94820	0.94080	0.93345	0.92616
104.900	0.98579	0.98394	0.98202	0.98010	0.97818	0.97627	0.97436	0.97246	0.97055	0.96865	0.96676	0.96487	0.96298	0.95546	0.94799	0.94058	0.93322	0.92592
105.000	0.98565	0.98380	0.98187	0.97995	0.97803	0.97611	0.97420	0.97229	0.97038	0.96848	0.96658	0.96469	0.96279	0.95526	0.94778	0.94036	0.93299	0.92567
105.100	0.98551	0.98365	0.98172	0.97979	0.97787	0.97595	0.97403	0.97212	0.97021	0.96830	0.96640	0.96450	0.96261	0.95506	0.94757	0.94013	0.93275	0.92542
105.200	0.98536	0.98350	0.98156	0.97963	0.97770	0.97578	0.97386	0.97194	0.97003	0.96812	0.96622	0.96431	0.96241	0.95485	0.94735	0.93990	0.93250	0.92516
105.300	0.98520	0.98334	0.98140	0.97947	0.97754	0.97561	0.97368	0.97176	0.96985	0.96794	0.96603	0.96412	0.96222	0.95464	0.94712	0.93966	0.93225	0.92490
105.400	0.98504	0.98317	0.98123	0.97930	0.97736	0.97543	0.97350	0.97158	0.96966	0.96774	0.96583	0.96392	0.96202	0.95443	0.94690	0.93942	0.93200	0.92463
105.500	0.98488	0.98301	0.98106	0.97912	0.97718	0.97525	0.97332	0.97139	0.96947	0.96755	0.96563	0.96372	0.96181	0.95421	0.94666	0.93918	0.93174	0.92436
105.600	0.98471	0.98284	0.98089	0.97894	0.97700	0.97506	0.97313	0.97120	0.96927	0.96735	0.96543	0.96351	0.96160	0.95399	0.94643	0.93893	0.93148	0.92409
105.700	0.98454	0.98266	0.98071	0.97876	0.97682	0.97488	0.97294	0.97101	0.96908	0.96715	0.96522	0.96331	0.96139	0.95376	0.94619	0.93867	0.93121	0.92381
105.800	0.98436	0.98248	0.98053	0.97857	0.97663	0.97468	0.97274	0.97080	0.96887	0.96694	0.96501	0.96309	0.96117	0.95353	0.94595	0.93842	0.93094	0.92353
105.900	0.98418	0.98230	0.98034	0.97838	0.97643	0.97449	0.97254	0.97060	0.96866	0.96673	0.96480	0.96287	0.96095	0.95330	0.94570	0.93816	0.93067	0.92324
106.000	0.98401	0.98212	0.98016	0.97820	0.97625	0.97430	0.97235	0.97040	0.96846	0.96653	0.96459	0.96266	0.96074	0.95307	0.94546	0.93790	0.93041	0.92296
106.100	0.98382	0.98193	0.97996	0.97800	0.97604	0.97409	0.97214	0.97019	0.96824	0.96630	0.96437	0.96243	0.96051	0.95282	0.94520	0.93763	0.93012	0.92267
106.200	0.98362	0.98173	0.97976	0.97780	0.97583	0.97387	0.97192	0.96997	0.96802	0.96608	0.96414	0.96220	0.96027	0.95257	0.94494	0.93736	0.92983	0.92237
106.300	0.98343	0.98153	0.97956	0.97759	0.97562	0.97366	0.97170	0.96975	0.96780	0.96585	0.96390	0.96197	0.96003	0.95232	0.94467	0.93708	0.92954	0.92206
106.400	0.98322	0.98132	0.97935	0.97737	0.97540	0.97344	0.97148	0.96952	0.96757	0.96561	0.96367	0.96172	0.95978	0.95206	0.94440	0.93679	0.92925	0.92175
106.500	0.98301	0.98111	0.97913	0.97715	0.97518	0.97321	0.97125	0.96929	0.96733	0.96537	0.96342	0.96148	0.95954	0.95180	0.94412	0.93651	0.92894	0.92144
106.600	0.98280	0.98089	0.97891	0.97693	0.97495	0.97298	0.97101	0.96905	0.96709	0.96513	0.96318	0.96123	0.95928	0.95153	0.94384	0.93621	0.92864	0.92112
106.700	0.98258	0.98067	0.97868	0.97670	0.97472	0.97275	0.97077	0.96881	0.96684	0.96488	0.96292	0.96097	0.95902	0.95126	0.94356	0.93591	0.92833	0.92080
106.800	0.98235	0.98044	0.97845	0.97646	0.97448	0.97250	0.97053	0.96856	0.96659	0.96462	0.96266	0.96071	0.95876	0.95098	0.94327	0.93561	0.92801	0.92047
106.900	0.98212	0.98021	0.97821	0.97622	0.97424	0.97225	0.97028	0.96830	0.96633	0.96436	0.96240	0.96044	0.95848	0.95070	0.94297	0.93530	0.92769	0.92014
107.000	0.98189	0.97997	0.97797	0.97598	0.97399	0.97200	0.97002	0.96804	0.96607	0.96410	0.96213	0.96017	0.95821	0.95041	0.94266	0.93498	0.92736	0.91979
107.100	0.98164	0.97972	0.97772	0.97572	0.97373	0.97174	0.96976	0.96777	0.96580	0.96382	0.96185	0.95989	0.95792	0.95011	0.94236	0.93466	0.92703	0.91945
107.200	0.98139	0.97947	0.97746	0.97546	0.97347	0.97147	0.96948	0.96750	0.96552	0.96354	0.96157	0.95960	0.95763	0.94981	0.94204	0.93433	0.92668	0.91909
107.300	0.98114	0.97921	0.97720	0.97519	0.97320	0.97120	0.96921	0.96722	0.96523	0.96325	0.96128	0.95930	0.95733	0.94950	0.94172	0.93400	0.92634	0.91874
107.400	0.98087	0.97894	0.97692	0.97492	0.97291	0.97092	0.96892	0.96693	0.96494	0.96296	0.96098	0.95900	0.95703	0.94918	0.94138	0.93365	0.92598	0.91837
107.500	0.98061	0.97867	0.97666	0.97465	0.97264	0.97064	0.96864	0.96664	0.96465	0.96267	0.96068	0.95870	0.95673	0.94886	0.94106	0.93331	0.92563	0.91800
107.600	0.98033	0.97839	0.97637	0.97436	0.97235	0.97035	0.96834	0.96635	0.96435	0.96236	0.96037	0.95839	0.95641	0.94853	0.94072	0.93296	0.92526	0.91763
107.700	0.98005	0.97811	0.97608	0.97407	0.97205	0.97004	0.96804	0.96604	0.96404	0.96205	0.96006	0.95807	0.95609	0.94820	0.94037	0.93260	0.92489	0.91724
107.800	0.97975	0.97781	0.97578	0.97376	0.97175	0.96973	0.96772	0.96572	0.96372	0.96172	0.95973	0.95774	0.95575	0.94785	0.94001	0.93223	0.92451	0.91685
107.900	0.97944	0.97750	0.97547	0.97344	0.97142	0.96941	0.96740	0.96539	0.96338	0.96138	0.95939	0.95740	0.95541	0.94749	0.93964	0.93184	0.92411	0.91644
108.000	0.97911	0.97715	0.97512	0.97309	0.97107	0.96905	0.96704	0.96503	0.96302	0.96102	0.95902	0.95702	0.95503	0.94710	0.93923	0.93143	0.92368	0.91600
