# ALMA, Llano de Chajnantor, alt. 5040m																		
# First column frequency in GHz.																		
# Following column(s) transmissions(s)																		
# First row PWVs																		
        	0.01000	0.25000	0.50000	0.75000	1.00000	1.25000	1.50000	1.75000	2.00000	2.25000	2.50000	2.75000	3.00000	4.00000	5.00000	6.00000	7.00000	8.00000
229.000	0.98926	0.97917	0.96878	0.95849	0.94830	0.93822	0.92825	0.91838	0.90861	0.89895	0.88938	0.87991	0.87054	0.83403	0.79901	0.76543	0.73322	0.70233
229.100	0.98911	0.97902	0.96862	0.95833	0.94814	0.93806	0.92808	0.91820	0.90843	0.89876	0.88919	0.87972	0.87034	0.83382	0.79878	0.76519	0.73297	0.70207
229.200	0.98892	0.97883	0.96842	0.95812	0.94793	0.93784	0.92786	0.91798	0.90820	0.89853	0.88895	0.87948	0.87010	0.83356	0.79852	0.76491	0.73268	0.70178
229.300	0.98857	0.97847	0.96806	0.95776	0.94756	0.93747	0.92749	0.91761	0.90783	0.89815	0.88858	0.87910	0.86972	0.83317	0.79812	0.76451	0.73228	0.70138
229.400	0.98783	0.97773	0.96733	0.95702	0.94683	0.93674	0.92676	0.91688	0.90710	0.89743	0.88785	0.87838	0.86900	0.83246	0.79742	0.76381	0.73159	0.70070
229.500	0.98558	0.97551	0.96511	0.95483	0.94465	0.93458	0.92461	0.91475	0.90499	0.89533	0.88577	0.87631	0.86695	0.83047	0.79549	0.76195	0.72978	0.69895
229.600	0.98150	0.97146	0.96110	0.95085	0.94071	0.93068	0.92074	0.91092	0.90119	0.89156	0.88204	0.87261	0.86329	0.82694	0.79208	0.75866	0.72662	0.69589
229.700	0.98689	0.97678	0.96636	0.95605	0.94585	0.93575	0.92576	0.91587	0.90608	0.89640	0.88682	0.87733	0.86795	0.83138	0.79632	0.76270	0.73046	0.69955
229.800	0.98794	0.97781	0.96737	0.95705	0.94683	0.93671	0.92670	0.91680	0.90699	0.89729	0.88770	0.87820	0.86880	0.83217	0.79705	0.76338	0.73109	0.70014
229.900	0.98827	0.97813	0.96769	0.95735	0.94712	0.93699	0.92697	0.91706	0.90725	0.89754	0.88793	0.87842	0.86901	0.83236	0.79720	0.76350	0.73119	0.70021
230.000	0.98845	0.97831	0.96786	0.95751	0.94727	0.93714	0.92711	0.91719	0.90737	0.89765	0.88803	0.87852	0.86910	0.83242	0.79724	0.76351	0.73118	0.70019
230.100	0.98841	0.97826	0.96780	0.95744	0.94720	0.93706	0.92703	0.91710	0.90727	0.89755	0.88793	0.87841	0.86899	0.83228	0.79709	0.76335	0.73100	0.69999
230.200	0.98830	0.97814	0.96767	0.95731	0.94706	0.93692	0.92688	0.91694	0.90711	0.89739	0.88776	0.87824	0.86881	0.83209	0.79688	0.76313	0.73077	0.69975
230.300	0.98811	0.97795	0.96748	0.95712	0.94686	0.93671	0.92667	0.91673	0.90690	0.89717	0.88754	0.87801	0.86858	0.83184	0.79662	0.76285	0.73049	0.69946
230.400	0.98787	0.97770	0.96723	0.95686	0.94660	0.93644	0.92640	0.91645	0.90662	0.89688	0.88725	0.87772	0.86829	0.83153	0.79630	0.76253	0.73015	0.69912
230.500	0.98751	0.97735	0.96687	0.95649	0.94623	0.93607	0.92603	0.91608	0.90624	0.89650	0.88687	0.87733	0.86790	0.83114	0.79590	0.76212	0.72974	0.69871
230.600	0.98713	0.97696	0.96648	0.95610	0.94584	0.93568	0.92563	0.91568	0.90584	0.89610	0.88646	0.87692	0.86749	0.83072	0.79548	0.76170	0.72931	0.69827
230.700	0.98660	0.97643	0.96594	0.95556	0.94530	0.93514	0.92508	0.91514	0.90529	0.89555	0.88591	0.87638	0.86694	0.83017	0.79493	0.76115	0.72876	0.69773
230.800	0.98574	0.97557	0.96508	0.95471	0.94445	0.93429	0.92424	0.91429	0.90445	0.89471	0.88507	0.87554	0.86611	0.82935	0.79412	0.76035	0.72798	0.69695
230.900	0.98430	0.97413	0.96366	0.95329	0.94304	0.93289	0.92284	0.91291	0.90307	0.89334	0.88371	0.87419	0.86476	0.82804	0.79284	0.75910	0.72676	0.69577
231.000	0.98164	0.97150	0.96105	0.95070	0.94046	0.93033	0.92031	0.91040	0.90058	0.89087	0.88127	0.87176	0.86235	0.82571	0.79058	0.75691	0.72465	0.69372
231.100	0.97591	0.96583	0.95542	0.94513	0.93495	0.92487	0.91490	0.90504	0.89527	0.88561	0.87606	0.86660	0.85724	0.82079	0.78585	0.75236	0.72027	0.68951
231.200	0.95920	0.94928	0.93905	0.92893	0.91891	0.90900	0.89920	0.88949	0.87989	0.87039	0.86099	0.85169	0.84249	0.80664	0.77227	0.73934	0.70778	0.67754
231.300	0.91804	0.90853	0.89874	0.88904	0.87945	0.86996	0.86057	0.85127	0.84208	0.83298	0.82398	0.81507	0.80626	0.77192	0.73902	0.70748	0.67726	0.64830
231.400	0.96792	0.95789	0.94755	0.93732	0.92720	0.91719	0.90728	0.89748	0.88778	0.87818	0.86868	0.85928	0.84998	0.81376	0.77905	0.74578	0.71390	0.68335
231.500	0.97846	0.96832	0.95786	0.94751	0.93727	0.92714	0.91712	0.90720	0.89739	0.88768	0.87807	0.86857	0.85916	0.82252	0.78741	0.75376	0.72152	0.69063
231.600	0.98258	0.97238	0.96188	0.95148	0.94119	0.93101	0.92094	0.91097	0.90111	0.89135	0.88170	0.87215	0.86270	0.82588	0.79060	0.75680	0.72440	0.69336
231.700	0.98459	0.97437	0.96383	0.95340	0.94309	0.93288	0.92278	0.91278	0.90290	0.89311	0.88343	0.87386	0.86438	0.82747	0.79210	0.75820	0.72572	0.69460
231.800	0.98569	0.97545	0.96489	0.95444	0.94411	0.93388	0.92376	0.91375	0.90385	0.89405	0.88435	0.87475	0.86526	0.82829	0.79285	0.75890	0.72637	0.69520
231.900	0.98633	0.97607	0.96550	0.95504	0.94469	0.93445	0.92431	0.91429	0.90437	0.89456	0.88485	0.87524	0.86574	0.82871	0.79324	0.75924	0.72667	0.69547
232.000	0.98683	0.97656	0.96597	0.95550	0.94514	0.93488	0.92474	0.91470	0.90477	0.89495	0.88522	0.87561	0.86609	0.82902	0.79351	0.75948	0.72687	0.69564
232.100	0.98699	0.97671	0.96612	0.95563	0.94526	0.93500	0.92484	0.91480	0.90486	0.89503	0.88530	0.87567	0.86615	0.82905	0.79351	0.75945	0.72682	0.69556
232.200	0.98704	0.97676	0.96615	0.95566	0.94528	0.93501	0.92485	0.91479	0.90485	0.89501	0.88527	0.87564	0.86611	0.82898	0.79341	0.75934	0.72669	0.69541
232.300	0.98701	0.97671	0.96610	0.95560	0.94521	0.93494	0.92477	0.91471	0.90475	0.89491	0.88516	0.87552	0.86598	0.82884	0.79325	0.75915	0.72649	0.69520
232.400	0.98689	0.97658	0.96596	0.95546	0.94507	0.93478	0.92461	0.91454	0.90458	0.89473	0.88498	0.87533	0.86579	0.82862	0.79301	0.75890	0.72622	0.69492
232.500	0.98660	0.97629	0.96567	0.95516	0.94476	0.93447	0.92429	0.91422	0.90425	0.89439	0.88464	0.87499	0.86544	0.82826	0.79264	0.75852	0.72583	0.69452
232.600	0.98644	0.97612	0.96549	0.95498	0.94457	0.93427	0.92409	0.91401	0.90404	0.89418	0.88442	0.87476	0.86521	0.82801	0.79238	0.75824	0.72554	0.69421
232.700	0.98607	0.97575	0.96512	0.95460	0.94419	0.93389	0.92370	0.91362	0.90364	0.89378	0.88402	0.87436	0.86480	0.82759	0.79195	0.75780	0.72509	0.69377
232.800	0.98581	0.97549	0.96485	0.95432	0.94390	0.93360	0.92341	0.91332	0.90334	0.89347	0.88371	0.87404	0.86448	0.82726	0.79160	0.75744	0.72473	0.69339
232.900	0.98538	0.97506	0.96441	0.95388	0.94346	0.93316	0.92296	0.91287	0.90289	0.89302	0.88325	0.87359	0.86402	0.82679	0.79113	0.75697	0.72425	0.69291
233.000	0.98474	0.97441	0.96377	0.95324	0.94282	0.93251	0.92231	0.91223	0.90224	0.89237	0.88260	0.87294	0.86338	0.82615	0.79049	0.75633	0.72362	0.69229
233.100	0.98410	0.97378	0.96313	0.95260	0.94218	0.93187	0.92168	0.91159	0.90161	0.89174	0.88197	0.87230	0.86275	0.82552	0.78986	0.75571	0.72300	0.69168
233.200	0.98318	0.97285	0.96221	0.95169	0.94127	0.93097	0.92077	0.91069	0.90071	0.89084	0.88108	0.87142	0.86186	0.82465	0.78901	0.75487	0.72218	0.69087
233.300	0.98193	0.97161	0.96098	0.95046	0.94005	0.92975	0.91957	0.90949	0.89952	0.88966	0.87990	0.87025	0.86070	0.82351	0.78790	0.75379	0.72112	0.68984
233.400	0.98038	0.97007	0.95945	0.94894	0.93854	0.92826	0.91808	0.90801	0.89805	0.88820	0.87845	0.86881	0.85927	0.82212	0.78655	0.75247	0.71984	0.68860
233.500	0.97837	0.96808	0.95747	0.94697	0.93659	0.92632	0.91616	0.90611	0.89616	0.88632	0.87659	0.86696	0.85744	0.82035	0.78483	0.75081	0.71823	0.68703
233.600	0.97544	0.96518	0.95459	0.94412	0.93376	0.92352	0.91338	0.90335	0.89343	0.88362	0.87391	0.86430	0.85480	0.81780	0.78237	0.74844	0.71594	0.68483
233.700	0.97102	0.96079	0.95025	0.93982	0.92951	0.91930	0.90920	0.89921	0.88933	0.87956	0.86989	0.86032	0.85085	0.81401	0.77872	0.74492	0.71256	0.68157
233.800	0.96369	0.95353	0.94306	0.93271	0.92246	0.91233	0.90230	0.89238	0.88257	0.87286	0.86326	0.85375	0.84436	0.80777	0.77272	0.73917	0.70704	0.67627
233.900	0.94854	0.93853	0.92822	0.91802	0.90793	0.89795	0.88807	0.87831	0.86864	0.85908	0.84962	0.84027	0.83101	0.79497	0.76047	0.72742	0.69578	0.66548
234.000	0.95042	0.94038	0.93005	0.91982	0.90970	0.89969	0.88979	0.87999	0.87030	0.86072	0.85123	0.84185	0.83257	0.79644	0.76185	0.72872	0.69700	0.66663
234.100	0.96422	0.95404	0.94355	0.93316	0.92289	0.91273	0.90268	0.89273	0.88290	0.87317	0.86354	0.85402	0.84460	0.80792	0.77280	0.73917	0.70698	0.67615
234.200	0.97110	0.96083	0.95026	0.93979	0.92944	0.91920	0.90907	0.89905	0.88914	0.87933	0.86963	0.86003	0.85054	0.81358	0.77819	0.74431	0.71186	0.68080
234.300	0.97523	0.96492	0.95429	0.94377	0.93337	0.92308	0.91290	0.90283	0.89287	0.88301	0.87327	0.86362	0.85408	0.81694	0.78138	0.74734	0.71474	0.68353
234.400	0.97797	0.96762	0.95695	0.94640	0.93596	0.92563	0.91541	0.90531	0.89531	0.88542	0.87564	0.86597	0.85640	0.81913	0.78345	0.74929	0.71659	0.68528
234.500	0.97984	0.96947	0.95877	0.94819	0.93773	0.92737	0.91713	0.90700	0.89698	0.88706	0.87726	0.86756	0.85796	0.82060	0.78483	0.75059	0.71781	0.68642
234.600	0.98121	0.97081	0.96009	0.94949	0.93900	0.92863	0.91836	0.90821	0.89817	0.88823	0.87841	0.86869	0.85907	0.82164	0.78580	0.75149	0.71865	0.68721
234.700	0.98215	0.97173	0.96100	0.95038	0.93987	0.92948	0.91920	0.90903	0.89897	0.88902	0.87918	0.86944	0.85981	0.82232	0.78643	0.75207	0.71918	0.68769
234.800	0.98276	0.97233	0.96158	0.95094	0.94042	0.93002	0.91973	0.90955	0.89947	0.88951	0.87966	0.86991	0.86027	0.82273	0.78679	0.75239	0.71946	0.68794
234.900	0.98308	0.97264	0.96188	0.95123	0.94070	0.93029	0.91998	0.90979	0.89971	0.88974	0.87988	0.87012	0.86047	0.82289	0.78693	0.75249	0.71954	0.68799
235.000	0.98309	0.97264	0.96188	0.95122	0.94068	0.93026	0.91995	0.90975	0.89966	0.88969	0.87981	0.87005	0.86039	0.82280	0.78681	0.75236	0.71938	0.68782
235.100	0.98270	0.97225	0.96148	0.95082	0.94028	0.92985	0.91954	0.90934	0.89925	0.88927	0.87940	0.86963	0.85997	0.82236	0.78637	0.75191	0.71894	0.68737
235.200	0.98212	0.97167	0.96089	0.95024	0.93970	0.92927	0.91895	0.90875	0.89866	0.88868	0.87880	0.86904	0.85938	0.82177	0.78578	0.75132	0.71835	0.68679
235.300	0.98069	0.97024	0.95947	0.94883	0.93829	0.92787	0.91757	0.90737	0.89729	0.88731	0.87745	0.86769	0.85804	0.82046	0.78450	0.75008	0.71713	0.68560
235.400	0.97782	0.96740	0.95665	0.94603	0.93552	0.92512	0.91484	0.90467	0.89460	0.88465	0.87481	0.86507	0.85544	0.81796	0.78208	0.74774	0.71487	0.68342
235.500	0.97168	0.96131	0.95063	0.94007	0.92962	0.91928	0.90905	0.89894	0.88893	0.87904	0.86925	0.85957	0.84999	0.81272	0.77704	0.74290	0.71022	0.67895
235.600	0.95534	0.94515	0.93463	0.92424	0.91396	0.90378	0.89372	0.88377	0.87393	0.86419	0.85456	0.84504	0.83562	0.79895	0.76385	0.73026	0.69812	0.66736
235.700	0.87179	0.86247	0.85287	0.84338	0.83399	0.82470	0.81551	0.80643	0.79744	0.78855	0.77976	0.77106	0.76246	0.72897	0.69693	0.66626	0.63691	0.60883
235.800	0.94891	0.93877	0.92831	0.91797	0.90774	0.89763	0.88762	0.87772	0.86793	0.85825	0.84867	0.83920	0.82983	0.79336	0.75846	0.72506	0.69310	0.66251
235.900	0.96987	0.95950	0.94880	0.93822	0.92776	0.91741	0.90718	0.89706	0.88704	0.87714	0.86734	0.85765	0.84807	0.81077	0.77508	0.74092	0.70824	0.67697
236.000	0.97835	0.96787	0.95708	0.94640	0.93584	0.92539	0.91506	0.90484	0.89473	0.88474	0.87485	0.86507	0.85540	0.81775	0.78172	0.74725	0.71426	0.68270
236.100	0.98124	0.97073	0.95990	0.94918	0.93858	0.92809	0.91773	0.90747	0.89732	0.88729	0.87737	0.86755	0.85784	0.82006	0.78391	0.74931	0.71621	0.68454
236.200	0.98277	0.97223	0.96137	0.95063	0.94000	0.92950	0.91910	0.90882	0.89866	0.88860	0.87865	0.86882	0.85909	0.82122	0.78499	0.75032	0.71715	0.68542
236.300	0.98354	0.97298	0.96211	0.95135	0.94071	0.93019	0.91978	0.90948	0.89930	0.88923	0.87927	0.86942	0.85967	0.82176	0.78547	0.75076	0.71754	0.68577
236.400	0.98382	0.97326	0.96237	0.95160	0.94095	0.93042	0.92000	0.90969	0.89950	0.88942	0.87945	0.86959	0.85984	0.82188	0.78557	0.75082	0.71758	0.68578
236.500	0.98367	0.97310	0.96221	0.95143	0.94078	0.93024	0.91981	0.90950	0.89930	0.88922	0.87924	0.86938	0.85962	0.82165	0.78532	0.75056	0.71730	0.68549
236.600	0.98294	0.97237	0.96147	0.95070	0.94004	0.92950	0.91908	0.90877	0.89857	0.88848	0.87851	0.86865	0.85889	0.82092	0.78460	0.74984	0.71659	0.68479
236.700	0.98185	0.97128	0.96039	0.94962	0.93897	0.92843	0.91801	0.90771	0.89751	0.88743	0.87746	0.86760	0.85785	0.81990	0.78359	0.74886	0.71563	0.68384
236.800	0.97951	0.96896	0.95809	0.94734	0.93670	0.92619	0.91578	0.90549	0.89532	0.88525	0.87530	0.86546	0.85572	0.81784	0.78160	0.74692	0.71376	0.68203
236.900	0.97476	0.96425	0.95343	0.94272	0.93213	0.92165	0.91129	0.90105	0.89091	0.88089	0.87098	0.86118	0.85148	0.81376	0.77767	0.74315	0.71013	0.67854
237.000	0.96363	0.95323	0.94252	0.93193	0.92145	0.91109	0.90084	0.89070	0.88068	0.87076	0.86096	0.85126	0.84167	0.80435	0.76866	0.73451	0.70184	0.67060
237.100	0.92280	0.91284	0.90258	0.89242	0.88238	0.87245	0.86263	0.85291	0.84331	0.83381	0.82441	0.81512	0.80593	0.77017	0.73597	0.70324	0.67195	0.64202
237.200	0.92915	0.91911	0.90877	0.89854	0.88842	0.87841	0.86852	0.85873	0.84905	0.83948	0.83001	0.82065	0.81139	0.77536	0.74090	0.70794	0.67641	0.64625
237.300	0.96513	0.95470	0.94394	0.93331	0.92279	0.91239	0.90210	0.89193	0.88187	0.87192	0.86208	0.85235	0.84272	0.80528	0.76946	0.73520	0.70243	0.67109
237.400	0.97567	0.96512	0.95424	0.94348	0.93284	0.92232	0.91191	0.90162	0.89144	0.88138	0.87142	0.86158	0.85184	0.81396	0.77773	0.74308	0.70993	0.67824
237.500	0.98026	0.96965	0.95871	0.94789	0.93719	0.92661	0.91615	0.90580	0.89557	0.88545	0.87544	0.86554	0.85575	0.81767	0.78125	0.74641	0.71310	0.68123
237.600	0.98253	0.97188	0.96091	0.95006	0.93933	0.92872	0.91822	0.90785	0.89758	0.88743	0.87739	0.86746	0.85765	0.81945	0.78292	0.74798	0.71457	0.68262
237.700	0.98408	0.97341	0.96241	0.95153	0.94078	0.93014	0.91962	0.90922	0.89893	0.88876	0.87870	0.86875	0.85891	0.82063	0.78402	0.74901	0.71552	0.68351
237.800	0.98494	0.97426	0.96324	0.95235	0.94157	0.93092	0.92039	0.90997	0.89966	0.88947	0.87940	0.86943	0.85958	0.82124	0.78457	0.74951	0.71598	0.68392
237.900	0.98546	0.97475	0.96372	0.95282	0.94203	0.93136	0.92081	0.91038	0.90007	0.88986	0.87977	0.86980	0.85993	0.82155	0.78484	0.74974	0.71617	0.68408
238.000	0.98596	0.97524	0.96420	0.95328	0.94248	0.93180	0.92124	0.91079	0.90046	0.89025	0.88015	0.87016	0.86028	0.82185	0.78510	0.74996	0.71636	0.68424
238.100	0.98596	0.97523	0.96418	0.95325	0.94244	0.93176	0.92119	0.91073	0.90040	0.89017	0.88007	0.87007	0.86019	0.82173	0.78496	0.74980	0.71618	0.68404
238.200	0.98573	0.97500	0.96394	0.95301	0.94219	0.93150	0.92093	0.91047	0.90013	0.88990	0.87979	0.86979	0.85990	0.82143	0.78464	0.74947	0.71584	0.68369
238.300	0.98510	0.97437	0.96331	0.95238	0.94156	0.93087	0.92029	0.90983	0.89949	0.88926	0.87915	0.86915	0.85926	0.82079	0.78401	0.74884	0.71521	0.68306
238.400	0.98282	0.97211	0.96106	0.95014	0.93935	0.92867	0.91811	0.90767	0.89734	0.88713	0.87704	0.86705	0.85718	0.81877	0.78205	0.74694	0.71338	0.68129
238.500	0.98328	0.97255	0.96149	0.95056	0.93975	0.92906	0.91849	0.90803	0.89770	0.88748	0.87736	0.86737	0.85748	0.81904	0.78228	0.74713	0.71353	0.68141
238.600	0.98313	0.97240	0.96133	0.95039	0.93958	0.92888	0.91830	0.90784	0.89750	0.88727	0.87716	0.86716	0.85727	0.81880	0.78202	0.74686	0.71325	0.68111
238.700	0.98146	0.97074	0.95968	0.94876	0.93795	0.92726	0.91669	0.90625	0.89591	0.88569	0.87559	0.86560	0.85572	0.81729	0.78055	0.74543	0.71186	0.67976
238.800	0.97837	0.96767	0.95665	0.94574	0.93496	0.92430	0.91376	0.90334	0.89303	0.88283	0.87276	0.86279	0.85294	0.81460	0.77796	0.74292	0.70944	0.67743
238.900	0.97148	0.96085	0.94989	0.93906	0.92835	0.91775	0.90728	0.89692	0.88668	0.87655	0.86653	0.85663	0.84684	0.80875	0.77234	0.73753	0.70426	0.67246
239.000	0.95203	0.94160	0.93086	0.92023	0.90973	0.89934	0.88906	0.87890	0.86886	0.85893	0.84911	0.83939	0.82979	0.79244	0.75674	0.72261	0.68999	0.65881
239.100	0.86974	0.86021	0.85039	0.84067	0.83107	0.82157	0.81218	0.80289	0.79371	0.78462	0.77565	0.76677	0.75799	0.72385	0.69121	0.66001	0.63019	0.60169
239.200	0.95605	0.94556	0.93475	0.92406	0.91350	0.90305	0.89272	0.88250	0.87240	0.86241	0.85254	0.84277	0.83311	0.79556	0.75966	0.72535	0.69255	0.66121
239.300	0.97229	0.96161	0.95061	0.93973	0.92898	0.91835	0.90783	0.89744	0.88715	0.87699	0.86694	0.85700	0.84717	0.80895	0.77242	0.73751	0.70414	0.67225
239.400	0.97819	0.96744	0.95636	0.94542	0.93459	0.92388	0.91329	0.90283	0.89248	0.88224	0.87212	0.86212	0.85222	0.81375	0.77697	0.74182	0.70823	0.67613
239.500	0.98079	0.97000	0.95889	0.94791	0.93704	0.92630	0.91567	0.90517	0.89479	0.88452	0.87436	0.86432	0.85440	0.81579	0.77890	0.74364	0.70994	0.67773
239.600	0.98187	0.97106	0.95993	0.94892	0.93804	0.92728	0.91663	0.90611	0.89571	0.88542	0.87525	0.86519	0.85525	0.81657	0.77961	0.74429	0.71054	0.67828
239.700	0.98191	0.97109	0.95995	0.94893	0.93804	0.92727	0.91662	0.90609	0.89568	0.88538	0.87520	0.86514	0.85518	0.81649	0.77950	0.74416	0.71038	0.67811
239.800	0.98077	0.96996	0.95882	0.94781	0.93692	0.92615	0.91550	0.90498	0.89457	0.88428	0.87411	0.86405	0.85410	0.81542	0.77846	0.74313	0.70938	0.67712
239.900	0.97506	0.96430	0.95322	0.94226	0.93143	0.92072	0.91013	0.89965	0.88930	0.87906	0.86894	0.85893	0.84904	0.81055	0.77378	0.73864	0.70507	0.67299
240.000	0.98175	0.97091	0.95974	0.94870	0.93779	0.92699	0.91632	0.90577	0.89534	0.88502	0.87482	0.86474	0.85476	0.81600	0.77895	0.74355	0.70972	0.67740
240.100	0.98378	0.97291	0.96171	0.95064	0.93969	0.92887	0.91816	0.90758	0.89712	0.88678	0.87655	0.86644	0.85644	0.81756	0.78041	0.74492	0.71101	0.67861
240.200	0.98494	0.97404	0.96283	0.95173	0.94076	0.92992	0.91919	0.90859	0.89811	0.88775	0.87750	0.86737	0.85735	0.81841	0.78119	0.74563	0.71166	0.67920
240.300	0.98567	0.97476	0.96352	0.95241	0.94143	0.93057	0.91983	0.90921	0.89871	0.88833	0.87807	0.86793	0.85790	0.81889	0.78163	0.74602	0.71201	0.67951
240.400	0.98614	0.97522	0.96396	0.95284	0.94184	0.93097	0.92021	0.90958	0.89907	0.88868	0.87841	0.86825	0.85821	0.81916	0.78185	0.74621	0.71216	0.67963
240.500	0.98630	0.97536	0.96410	0.95297	0.94196	0.93107	0.92031	0.90967	0.89915	0.88875	0.87847	0.86830	0.85825	0.81917	0.78184	0.74617	0.71209	0.67954
240.600	0.98661	0.97567	0.96439	0.95324	0.94222	0.93133	0.92055	0.90990	0.89937	0.88896	0.87867	0.86849	0.85843	0.81931	0.78194	0.74624	0.71213	0.67955
240.700	0.98671	0.97576	0.96447	0.95332	0.94229	0.93138	0.92060	0.90994	0.89940	0.88898	0.87868	0.86849	0.85843	0.81928	0.78188	0.74615	0.71202	0.67942
240.800	0.98686	0.97590	0.96460	0.95344	0.94240	0.93148	0.92069	0.91002	0.89947	0.88904	0.87873	0.86854	0.85846	0.81928	0.78185	0.74610	0.71195	0.67932
240.900	0.98657	0.97560	0.96430	0.95313	0.94208	0.93116	0.92037	0.90969	0.89914	0.88871	0.87839	0.86819	0.85811	0.81892	0.78148	0.74571	0.71155	0.67892
241.000	0.98706	0.97608	0.96476	0.95357	0.94251	0.93158	0.92077	0.91008	0.89952	0.88907	0.87874	0.86853	0.85844	0.81920	0.78172	0.74591	0.71171	0.67905
241.100	0.98712	0.97613	0.96480	0.95361	0.94254	0.93159	0.92077	0.91008	0.89951	0.88905	0.87871	0.86850	0.85840	0.81913	0.78162	0.74579	0.71157	0.67889
241.200	0.98707	0.97606	0.96473	0.95353	0.94245	0.93150	0.92067	0.90997	0.89939	0.88893	0.87858	0.86836	0.85825	0.81896	0.78143	0.74558	0.71135	0.67865
241.300	0.98693	0.97592	0.96458	0.95337	0.94228	0.93132	0.92049	0.90978	0.89919	0.88872	0.87838	0.86815	0.85803	0.81872	0.78117	0.74531	0.71106	0.67835
241.400	0.98667	0.97566	0.96431	0.95309	0.94200	0.93104	0.92020	0.90949	0.89889	0.88842	0.87807	0.86783	0.85772	0.81839	0.78082	0.74495	0.71069	0.67797
241.500	0.98629	0.97527	0.96392	0.95269	0.94160	0.93063	0.91979	0.90907	0.89848	0.88800	0.87764	0.86741	0.85729	0.81794	0.78037	0.74449	0.71022	0.67750
241.600	0.98590	0.97488	0.96352	0.95230	0.94120	0.93023	0.91938	0.90866	0.89806	0.88758	0.87722	0.86698	0.85685	0.81750	0.77992	0.74403	0.70976	0.67703
241.700	0.98523	0.97420	0.96284	0.95162	0.94052	0.92954	0.91870	0.90797	0.89737	0.88689	0.87653	0.86629	0.85617	0.81682	0.77924	0.74335	0.70908	0.67636
241.800	0.98417	0.97315	0.96179	0.95057	0.93947	0.92850	0.91766	0.90694	0.89634	0.88587	0.87551	0.86527	0.85515	0.81582	0.77825	0.74238	0.70813	0.67543
241.900	0.98245	0.97144	0.96010	0.94889	0.93780	0.92684	0.91601	0.90530	0.89471	0.88425	0.87390	0.86368	0.85356	0.81427	0.77675	0.74092	0.70671	0.67405
242.000	0.97950	0.96852	0.95720	0.94601	0.93495	0.92402	0.91321	0.90252	0.89196	0.88152	0.87120	0.86099	0.85091	0.81170	0.77427	0.73853	0.70440	0.67182
242.100	0.97348	0.96255	0.95130	0.94017	0.92917	0.91829	0.90754	0.89692	0.88641	0.87603	0.86576	0.85561	0.84558	0.80659	0.76937	0.73382	0.69989	0.66749
242.200	0.95847	0.94770	0.93661	0.92564	0.91480	0.90409	0.89349	0.88302	0.87267	0.86244	0.85233	0.84233	0.83244	0.79403	0.75735	0.72234	0.68891	0.65699
242.300	0.89004	0.88003	0.86972	0.85953	0.84946	0.83950	0.82966	0.81993	0.81031	0.80080	0.79140	0.78211	0.77292	0.73723	0.70315	0.67062	0.63955	0.60990
242.400	0.94565	0.93501	0.92405	0.91321	0.90250	0.89192	0.88145	0.87110	0.86087	0.85076	0.84077	0.83089	0.82113	0.78317	0.74694	0.71235	0.67933	0.64781
242.500	0.96894	0.95802	0.94678	0.93567	0.92469	0.91383	0.90310	0.89249	0.88200	0.87164	0.86139	0.85126	0.84125	0.80234	0.76519	0.72973	0.69587	0.66356
242.600	0.97671	0.96570	0.95436	0.94315	0.93207	0.92112	0.91029	0.89959	0.88901	0.87855	0.86822	0.85800	0.84790	0.80865	0.77118	0.73541	0.70127	0.66868
242.700	0.98008	0.96903	0.95764	0.94638	0.93525	0.92426	0.91338	0.90263	0.89201	0.88151	0.87113	0.86087	0.85073	0.81132	0.77369	0.73778	0.70350	0.67078
242.800	0.98158	0.97049	0.95908	0.94779	0.93664	0.92562	0.91472	0.90395	0.89330	0.88278	0.87237	0.86209	0.85192	0.81243	0.77472	0.73873	0.70438	0.67159
242.900	0.98195	0.97085	0.95942	0.94813	0.93696	0.92593	0.91502	0.90423	0.89357	0.88304	0.87262	0.86233	0.85215	0.81261	0.77487	0.73884	0.70446	0.67164
243.000	0.98131	0.97021	0.95878	0.94749	0.93632	0.92528	0.91437	0.90358	0.89292	0.88239	0.87197	0.86167	0.85150	0.81196	0.77421	0.73819	0.70381	0.67100
243.100	0.97970	0.96862	0.95720	0.94591	0.93475	0.92372	0.91282	0.90204	0.89139	0.88086	0.87046	0.86017	0.85001	0.81050	0.77280	0.73681	0.70247	0.66969
243.200	0.97584	0.96478	0.95340	0.94214	0.93102	0.92003	0.90916	0.89842	0.88780	0.87731	0.86694	0.85668	0.84655	0.80718	0.76960	0.73373	0.69950	0.66684
243.300	0.96643	0.95547	0.94419	0.93304	0.92201	0.91112	0.90035	0.88970	0.87918	0.86878	0.85850	0.84834	0.83829	0.79927	0.76203	0.72649	0.69257	0.66021
243.400	0.93380	0.92320	0.91229	0.90150	0.89085	0.88031	0.86989	0.85960	0.84943	0.83937	0.82943	0.81960	0.80989	0.77216	0.73615	0.70179	0.66900	0.63771
243.500	0.92821	0.91767	0.90681	0.89608	0.88548	0.87500	0.86464	0.85439	0.84427	0.83427	0.82438	0.81461	0.80495	0.76742	0.73160	0.69743	0.66482	0.63370
243.600	0.96543	0.95446	0.94316	0.93199	0.92095	0.91004	0.89926	0.88860	0.87806	0.86765	0.85736	0.84719	0.83713	0.79807	0.76080	0.72523	0.69129	0.65891
243.700	0.97575	0.96465	0.95322	0.94192	0.93076	0.91972	0.90882	0.89804	0.88738	0.87685	0.86644	0.85615	0.84598	0.80648	0.76878	0.73281	0.69849	0.66574
243.800	0.98000	0.96885	0.95736	0.94600	0.93478	0.92369	0.91273	0.90189	0.89118	0.88059	0.87013	0.85979	0.84957	0.80986	0.77198	0.73583	0.70134	0.66843
243.900	0.98181	0.97063	0.95911	0.94772	0.93647	0.92535	0.91436	0.90349	0.89276	0.88214	0.87165	0.86129	0.85104	0.81123	0.77325	0.73701	0.70244	0.66946
244.000	0.98168	0.97049	0.95896	0.94757	0.93631	0.92518	0.91418	0.90331	0.89257	0.88195	0.87145	0.86108	0.85083	0.81100	0.77300	0.73674	0.70215	0.66916
244.100	0.97699	0.96584	0.95436	0.94301	0.93180	0.92071	0.90976	0.89893	0.88823	0.87765	0.86720	0.85687	0.84666	0.80699	0.76915	0.73304	0.69860	0.66574
244.200	0.97541	0.96427	0.95280	0.94146	0.93026	0.91918	0.90824	0.89742	0.88673	0.87616	0.86572	0.85539	0.84519	0.80556	0.76776	0.73169	0.69728	0.66446
244.300	0.98299	0.97175	0.96018	0.94875	0.93745	0.92628	0.91524	0.90433	0.89355	0.88289	0.87236	0.86195	0.85166	0.81169	0.77357	0.73720	0.70251	0.66941
244.400	0.98519	0.97392	0.96231	0.95084	0.93951	0.92830	0.91723	0.90629	0.89547	0.88478	0.87422	0.86378	0.85346	0.81338	0.77515	0.73867	0.70388	0.67070
244.500	0.98625	0.97496	0.96334	0.95184	0.94049	0.92926	0.91817	0.90721	0.89637	0.88566	0.87508	0.86462	0.85428	0.81413	0.77583	0.73930	0.70445	0.67121
244.600	0.98684	0.97553	0.96389	0.95238	0.94101	0.92977	0.91866	0.90768	0.89683	0.88611	0.87551	0.86504	0.85469	0.81449	0.77614	0.73956	0.70467	0.67140
244.700	0.98725	0.97593	0.96427	0.95275	0.94136	0.93011	0.91899	0.90800	0.89714	0.88640	0.87579	0.86531	0.85494	0.81470	0.77631	0.73969	0.70477	0.67146
244.800	0.98752	0.97618	0.96451	0.95298	0.94158	0.93032	0.91918	0.90818	0.89731	0.88656	0.87594	0.86545	0.85507	0.81479	0.77636	0.73971	0.70476	0.67143
244.900	0.98769	0.97634	0.96466	0.95311	0.94170	0.93043	0.91928	0.90827	0.89739	0.88663	0.87600	0.86550	0.85512	0.81480	0.77634	0.73966	0.70468	0.67133
245.000	0.98782	0.97646	0.96477	0.95321	0.94179	0.93050	0.91935	0.90833	0.89744	0.88667	0.87603	0.86552	0.85513	0.81477	0.77629	0.73958	0.70458	0.67120
245.100	0.98796	0.97659	0.96489	0.95332	0.94189	0.93059	0.91943	0.90839	0.89749	0.88672	0.87607	0.86555	0.85515	0.81476	0.77624	0.73951	0.70448	0.67108
245.200	0.98806	0.97668	0.96497	0.95339	0.94195	0.93064	0.91947	0.90843	0.89751	0.88673	0.87607	0.86554	0.85513	0.81471	0.77617	0.73941	0.70436	0.67093
245.300	0.98813	0.97674	0.96502	0.95343	0.94198	0.93066	0.91948	0.90843	0.89750	0.88671	0.87605	0.86551	0.85509	0.81464	0.77607	0.73928	0.70421	0.67077
245.400	0.98818	0.97678	0.96505	0.95345	0.94199	0.93066	0.91947	0.90841	0.89748	0.88668	0.87600	0.86545	0.85503	0.81455	0.77595	0.73914	0.70405	0.67058
245.500	0.98821	0.97680	0.96506	0.95345	0.94198	0.93065	0.91944	0.90838	0.89744	0.88663	0.87594	0.86539	0.85496	0.81445	0.77582	0.73899	0.70387	0.67039
245.600	0.98822	0.97681	0.96505	0.95343	0.94195	0.93061	0.91940	0.90832	0.89737	0.88656	0.87587	0.86530	0.85486	0.81432	0.77567	0.73882	0.70368	0.67018
245.700	0.98820	0.97678	0.96501	0.95339	0.94190	0.93055	0.91933	0.90824	0.89728	0.88646	0.87576	0.86519	0.85474	0.81418	0.77550	0.73862	0.70347	0.66995
245.800	0.98804	0.97660	0.96483	0.95320	0.94170	0.93034	0.91912	0.90802	0.89706	0.88623	0.87552	0.86495	0.85450	0.81391	0.77521	0.73832	0.70315	0.66962
245.900	0.98822	0.97678	0.96499	0.95335	0.94184	0.93047	0.91923	0.90813	0.89716	0.88631	0.87560	0.86501	0.85455	0.81393	0.77520	0.73828	0.70308	0.66953
246.000	0.98839	0.97693	0.96513	0.95348	0.94196	0.93058	0.91933	0.90821	0.89723	0.88638	0.87566	0.86506	0.85459	0.81393	0.77517	0.73822	0.70300	0.66942
246.100	0.98835	0.97688	0.96508	0.95341	0.94189	0.93050	0.91924	0.90812	0.89713	0.88627	0.87554	0.86493	0.85445	0.81377	0.77499	0.73801	0.70277	0.66918
246.200	0.98830	0.97682	0.96501	0.95334	0.94180	0.93040	0.91914	0.90801	0.89701	0.88614	0.87540	0.86479	0.85431	0.81360	0.77479	0.73780	0.70253	0.66893
246.300	0.98823	0.97675	0.96493	0.95324	0.94170	0.93029	0.91902	0.90788	0.89688	0.88600	0.87526	0.86464	0.85415	0.81341	0.77458	0.73757	0.70229	0.66866
246.400	0.98817	0.97668	0.96485	0.95316	0.94160	0.93019	0.91891	0.90776	0.89675	0.88586	0.87511	0.86449	0.85399	0.81323	0.77437	0.73734	0.70204	0.66840
246.500	0.98809	0.97659	0.96475	0.95305	0.94149	0.93006	0.91878	0.90762	0.89660	0.88571	0.87495	0.86432	0.85382	0.81303	0.77415	0.73710	0.70179	0.66813
246.600	0.98799	0.97649	0.96464	0.95293	0.94136	0.92993	0.91863	0.90747	0.89644	0.88554	0.87478	0.86414	0.85362	0.81281	0.77392	0.73684	0.70151	0.66785
246.700	0.98788	0.97636	0.96450	0.95278	0.94121	0.92977	0.91846	0.90729	0.89626	0.88536	0.87458	0.86394	0.85342	0.81258	0.77367	0.73658	0.70123	0.66755
246.800	0.98773	0.97620	0.96434	0.95262	0.94103	0.92958	0.91827	0.90710	0.89605	0.88514	0.87436	0.86371	0.85319	0.81233	0.77339	0.73628	0.70092	0.66723
246.900	0.98755	0.97602	0.96414	0.95241	0.94082	0.92937	0.91805	0.90687	0.89582	0.88490	0.87411	0.86346	0.85293	0.81205	0.77309	0.73597	0.70059	0.66689
247.000	0.98732	0.97578	0.96390	0.95216	0.94056	0.92910	0.91778	0.90659	0.89554	0.88462	0.87382	0.86316	0.85262	0.81173	0.77275	0.73562	0.70023	0.66651
247.100	0.98700	0.97546	0.96357	0.95183	0.94022	0.92876	0.91743	0.90623	0.89517	0.88425	0.87345	0.86278	0.85224	0.81133	0.77235	0.73520	0.69980	0.66607
247.200	0.98665	0.97509	0.96320	0.95145	0.93984	0.92837	0.91704	0.90584	0.89478	0.88385	0.87305	0.86238	0.85183	0.81090	0.77191	0.73475	0.69934	0.66561
247.300	0.98612	0.97457	0.96267	0.95092	0.93931	0.92783	0.91650	0.90530	0.89423	0.88330	0.87249	0.86182	0.85127	0.81034	0.77134	0.73418	0.69877	0.66504
247.400	0.98534	0.97378	0.96189	0.95013	0.93852	0.92705	0.91571	0.90451	0.89345	0.88251	0.87171	0.86104	0.85049	0.80956	0.77057	0.73341	0.69801	0.66429
247.500	0.98406	0.97251	0.96062	0.94887	0.93726	0.92580	0.91447	0.90327	0.89221	0.88128	0.87049	0.85982	0.84928	0.80838	0.76940	0.73228	0.69690	0.66321
247.600	0.98161	0.97008	0.95821	0.94648	0.93489	0.92344	0.91213	0.90096	0.88991	0.87901	0.86823	0.85758	0.84706	0.80623	0.76733	0.73027	0.69497	0.66133
247.700	0.97483	0.96337	0.95157	0.93992	0.92840	0.91702	0.90578	0.89467	0.88370	0.87286	0.86214	0.85156	0.84111	0.80053	0.76187	0.72505	0.68997	0.65655
247.800	0.96938	0.95797	0.94623	0.93463	0.92317	0.91184	0.90065	0.88960	0.87868	0.86789	0.85723	0.84670	0.83630	0.79592	0.75745	0.72081	0.68590	0.65266
247.900	0.97446	0.96298	0.95117	0.93950	0.92797	0.91658	0.90532	0.89420	0.88322	0.87236	0.86164	0.85104	0.84058	0.79996	0.76126	0.72441	0.68930	0.65586
248.000	0.96961	0.95818	0.94642	0.93479	0.92331	0.91197	0.90076	0.88968	0.87874	0.86794	0.85726	0.84671	0.83629	0.79584	0.75732	0.72062	0.68567	0.65238
248.100	0.94912	0.93793	0.92640	0.91501	0.90376	0.89265	0.88167	0.87082	0.86010	0.84952	0.83906	0.82872	0.81852	0.77890	0.74116	0.70522	0.67098	0.63838
248.200	0.89150	0.88097	0.87014	0.85943	0.84886	0.83841	0.82809	0.81789	0.80782	0.79786	0.78803	0.77832	0.76872	0.73148	0.69602	0.66223	0.63006	0.59942
248.300	0.95964	0.94830	0.93663	0.92509	0.91370	0.90245	0.89133	0.88034	0.86949	0.85877	0.84818	0.83771	0.82738	0.78726	0.74906	0.71267	0.67802	0.64502
248.400	0.97363	0.96211	0.95026	0.93855	0.92698	0.91555	0.90426	0.89311	0.88209	0.87120	0.86045	0.84983	0.83933	0.79860	0.75981	0.72287	0.68770	0.65420
248.500	0.97901	0.96742	0.95549	0.94371	0.93207	0.92057	0.90921	0.89798	0.88689	0.87594	0.86512	0.85443	0.84386	0.80288	0.76386	0.72669	0.69130	0.65759
248.600	0.98157	0.96994	0.95797	0.94615	0.93447	0.92293	0.91153	0.90026	0.88914	0.87815	0.86729	0.85656	0.84597	0.80485	0.76569	0.72840	0.69290	0.65909
248.700	0.98289	0.97124	0.95924	0.94739	0.93568	0.92412	0.91269	0.90141	0.89026	0.87924	0.86836	0.85761	0.84699	0.80579	0.76656	0.72920	0.69362	0.65975
248.800	0.98355	0.97188	0.95986	0.94800	0.93627	0.92469	0.91325	0.90194	0.89078	0.87975	0.86885	0.85809	0.84746	0.80620	0.76691	0.72950	0.69388	0.65997
248.900	0.98378	0.97210	0.96007	0.94819	0.93646	0.92486	0.91341	0.90210	0.89092	0.87988	0.86897	0.85819	0.84755	0.80625	0.76693	0.72949	0.69384	0.65990
249.000	0.98369	0.97199	0.95996	0.94807	0.93632	0.92472	0.91326	0.90194	0.89075	0.87970	0.86879	0.85801	0.84736	0.80604	0.76669	0.72923	0.69357	0.65961
